 
------------------------------------------------------------
Nstep =   5000500
Neq   =       500
Nout  =        20
fhop  =1.00
N=   3
m=   2,  dltR=  0.100000000000000E+00,  nRb=  26
------------------------------------------------------------
 
 
 SCMC Simulation            0
                   vb0:   0.675000000000000E+01  -0.675000000000000E+00
